figure,image([-90 90],[1 0],B)
set(gca,'Ydir','normal')
[x,y] = ginput(10);
x

x =

  -79.6699
  -71.7653
  -68.8531
  -65.1088
  -57.6202
  -50.9637
  -42.6431
  -35.9866
  -26.0019
  -11.8569

plot(x,y,'o')
c = ployfit(x,y,2)
{Undefined function or variable 'ployfit'.
} 
c = polyfit(x,y,2)

c =

   -0.0001    0.0000    1.0065

xx = 0:0.01:4;
yy = polyval(c,xx)

yy =

  Columns 1 through 10

    1.0065    1.0065    1.0065    1.0065    1.0065    1.0065    1.0065    1.0065    1.0065    1.0065

  Columns 11 through 20

    1.0065    1.0065    1.0065    1.0065    1.0065    1.0065    1.0065    1.0065    1.0065    1.0065

  Columns 21 through 30

    1.0065    1.0065    1.0065    1.0065    1.0065    1.0065    1.0065    1.0065    1.0065    1.0065

  Columns 31 through 40

    1.0065    1.0065    1.0065    1.0065    1.0065    1.0065    1.0065    1.0065    1.0065    1.0065

  Columns 41 through 50

    1.0065    1.0065    1.0065    1.0065    1.0065    1.0065    1.0065    1.0065    1.0065    1.0065

  Columns 51 through 60

    1.0065    1.0065    1.0065    1.0065    1.0065    1.0065    1.0065    1.0065    1.0065    1.0065

  Columns 61 through 70

    1.0065    1.0065    1.0065    1.0065    1.0065    1.0065    1.0065    1.0065    1.0065    1.0065

  Columns 71 through 80

    1.0065    1.0065    1.0065    1.0065    1.0064    1.0064    1.0064    1.0064    1.0064    1.0064

  Columns 81 through 90

    1.0064    1.0064    1.0064    1.0064    1.0064    1.0064    1.0064    1.0064    1.0064    1.0064

  Columns 91 through 100

    1.0064    1.0064    1.0064    1.0064    1.0064    1.0064    1.0064    1.0064    1.0064    1.0064

  Columns 101 through 110

    1.0064    1.0064    1.0064    1.0064    1.0064    1.0064    1.0064    1.0064    1.0064    1.0064

  Columns 111 through 120

    1.0064    1.0064    1.0064    1.0064    1.0064    1.0064    1.0064    1.0063    1.0063    1.0063

  Columns 121 through 130

    1.0063    1.0063    1.0063    1.0063    1.0063    1.0063    1.0063    1.0063    1.0063    1.0063

  Columns 131 through 140

    1.0063    1.0063    1.0063    1.0063    1.0063    1.0063    1.0063    1.0063    1.0063    1.0063

  Columns 141 through 150

    1.0063    1.0063    1.0063    1.0063    1.0063    1.0063    1.0063    1.0062    1.0062    1.0062

  Columns 151 through 160

    1.0062    1.0062    1.0062    1.0062    1.0062    1.0062    1.0062    1.0062    1.0062    1.0062

  Columns 161 through 170

    1.0062    1.0062    1.0062    1.0062    1.0062    1.0062    1.0062    1.0062    1.0062    1.0062

  Columns 171 through 180

    1.0062    1.0061    1.0061    1.0061    1.0061    1.0061    1.0061    1.0061    1.0061    1.0061

  Columns 181 through 190

    1.0061    1.0061    1.0061    1.0061    1.0061    1.0061    1.0061    1.0061    1.0061    1.0061

  Columns 191 through 200

    1.0061    1.0061    1.0060    1.0060    1.0060    1.0060    1.0060    1.0060    1.0060    1.0060

  Columns 201 through 210

    1.0060    1.0060    1.0060    1.0060    1.0060    1.0060    1.0060    1.0060    1.0060    1.0060

  Columns 211 through 220

    1.0060    1.0059    1.0059    1.0059    1.0059    1.0059    1.0059    1.0059    1.0059    1.0059

  Columns 221 through 230

    1.0059    1.0059    1.0059    1.0059    1.0059    1.0059    1.0059    1.0059    1.0058    1.0058

  Columns 231 through 240

    1.0058    1.0058    1.0058    1.0058    1.0058    1.0058    1.0058    1.0058    1.0058    1.0058

  Columns 241 through 250

    1.0058    1.0058    1.0058    1.0057    1.0057    1.0057    1.0057    1.0057    1.0057    1.0057

  Columns 251 through 260

    1.0057    1.0057    1.0057    1.0057    1.0057    1.0057    1.0057    1.0057    1.0056    1.0056

  Columns 261 through 270

    1.0056    1.0056    1.0056    1.0056    1.0056    1.0056    1.0056    1.0056    1.0056    1.0056

  Columns 271 through 280

    1.0056    1.0056    1.0055    1.0055    1.0055    1.0055    1.0055    1.0055    1.0055    1.0055

  Columns 281 through 290

    1.0055    1.0055    1.0055    1.0055    1.0055    1.0054    1.0054    1.0054    1.0054    1.0054

  Columns 291 through 300

    1.0054    1.0054    1.0054    1.0054    1.0054    1.0054    1.0054    1.0054    1.0053    1.0053

  Columns 301 through 310

    1.0053    1.0053    1.0053    1.0053    1.0053    1.0053    1.0053    1.0053    1.0053    1.0053

  Columns 311 through 320

    1.0052    1.0052    1.0052    1.0052    1.0052    1.0052    1.0052    1.0052    1.0052    1.0052

  Columns 321 through 330

    1.0052    1.0051    1.0051    1.0051    1.0051    1.0051    1.0051    1.0051    1.0051    1.0051

  Columns 331 through 340

    1.0051    1.0051    1.0050    1.0050    1.0050    1.0050    1.0050    1.0050    1.0050    1.0050

  Columns 341 through 350

    1.0050    1.0050    1.0050    1.0049    1.0049    1.0049    1.0049    1.0049    1.0049    1.0049

  Columns 351 through 360

    1.0049    1.0049    1.0049    1.0049    1.0048    1.0048    1.0048    1.0048    1.0048    1.0048

  Columns 361 through 370

    1.0048    1.0048    1.0048    1.0048    1.0047    1.0047    1.0047    1.0047    1.0047    1.0047

  Columns 371 through 380

    1.0047    1.0047    1.0047    1.0046    1.0046    1.0046    1.0046    1.0046    1.0046    1.0046

  Columns 381 through 390

    1.0046    1.0046    1.0046    1.0045    1.0045    1.0045    1.0045    1.0045    1.0045    1.0045

  Columns 391 through 400

    1.0045    1.0045    1.0044    1.0044    1.0044    1.0044    1.0044    1.0044    1.0044    1.0044

  Column 401

    1.0044

plot(x,y,'o'xx,yy,'--')
 plot(x,y,'o'xx,yy,'--')
             ↑
{Error: Invalid expression. Check for missing multiplication operator, missing or unbalanced delimiters, or
other syntax error. To construct matrices, use brackets instead of parentheses.
} 
plot(x,y,'o',xx,yy,'--')
plot(x,y,'o',xx,yy,)
 plot(x,y,'o',xx,yy,)
                    ↑
{Error: Invalid expression. When calling a function or indexing a variable, use parentheses. Otherwise, check
for mismatched delimiters.
} 
plot(x,y,'o',xx,yy)
yy = polyval(c,xx)

yy =

  Columns 1 through 10

    1.0065    1.0065    1.0065    1.0065    1.0065    1.0065    1.0065    1.0065    1.0065    1.0065

  Columns 11 through 20

    1.0065    1.0065    1.0065    1.0065    1.0065    1.0065    1.0065    1.0065    1.0065    1.0065

  Columns 21 through 30

    1.0065    1.0065    1.0065    1.0065    1.0065    1.0065    1.0065    1.0065    1.0065    1.0065

  Columns 31 through 40

    1.0065    1.0065    1.0065    1.0065    1.0065    1.0065    1.0065    1.0065    1.0065    1.0065

  Columns 41 through 50

    1.0065    1.0065    1.0065    1.0065    1.0065    1.0065    1.0065    1.0065    1.0065    1.0065

  Columns 51 through 60

    1.0065    1.0065    1.0065    1.0065    1.0065    1.0065    1.0065    1.0065    1.0065    1.0065

  Columns 61 through 70

    1.0065    1.0065    1.0065    1.0065    1.0065    1.0065    1.0065    1.0065    1.0065    1.0065

  Columns 71 through 80

    1.0065    1.0065    1.0065    1.0065    1.0064    1.0064    1.0064    1.0064    1.0064    1.0064

  Columns 81 through 90

    1.0064    1.0064    1.0064    1.0064    1.0064    1.0064    1.0064    1.0064    1.0064    1.0064

  Columns 91 through 100

    1.0064    1.0064    1.0064    1.0064    1.0064    1.0064    1.0064    1.0064    1.0064    1.0064

  Columns 101 through 110

    1.0064    1.0064    1.0064    1.0064    1.0064    1.0064    1.0064    1.0064    1.0064    1.0064

  Columns 111 through 120

    1.0064    1.0064    1.0064    1.0064    1.0064    1.0064    1.0064    1.0063    1.0063    1.0063

  Columns 121 through 130

    1.0063    1.0063    1.0063    1.0063    1.0063    1.0063    1.0063    1.0063    1.0063    1.0063

  Columns 131 through 140

    1.0063    1.0063    1.0063    1.0063    1.0063    1.0063    1.0063    1.0063    1.0063    1.0063

  Columns 141 through 150

    1.0063    1.0063    1.0063    1.0063    1.0063    1.0063    1.0063    1.0062    1.0062    1.0062

